Praecepta. ι

713

Pabula motus medii argumenti obliquitatis eclipticae, pro forma obliquationis quintuplici.

 

 

 
    
 

Motus
argumenti.

 

OPPV
murenam
§mom onnsuod

 

 

11.

Motus
argumenti.

 

Motus
argumenti,

 

,00 .

IV.

   

 

 

’Ὀ ’Ὀ

ε’. Ξ ε’. ἓ

Motus ἔ ξ ‚⁶:- Motus g ξ st.
argumenti. a· Ξ 0 argumenti. aa ··³ 0
ω Ξ ω 5: Β

Β g Β g

Ξ Ξ

 

 

·. 08 0⁰32¹ 25¹ ἰ 1 0⁸ 0⁰ 1¹ 7¹ 0⁸ 1¹ 33¹¹ 0⁸ 0⁰ 7’41”0Ο 0¹ 10¹¹ 0⁵ 0⁰*11¹35 0⁰ 0‘ 5¹¹
8 1. 4. 50 2 0. 2.13 0. 3 5 O.15.22 0. 0.19 0. 23. 9 0. 0.10
;12 1. 37.15 2 0. 3. 20 Ι 0. 4. 38 0.23. 4 Ο. 0. 29 0. 34. 44 0. 0.15
16 2. 9.40 3 0. 4. 27 0. 6.10 0. 30. 45 0. 0. 39 0. 46. 18 0. 0. 20
20 Ο. 2. 42. 5 4 0. 0. 5. 33 0. 0. 7. 43 0. 0. 38. 26 0.. Ο. 48 0. 0.57. 53 0. Ο. 25
24 3. 14. 30 4 0. 6. 40 0. 9.15 0. 46. 7 Ο. O. 58 1. 9. 27 0. 0. 30
28 3. 46. 55 5 0. 7. 47 0. 10. 48 0. 53. 48 0. 1. 7 1. 21. 2 0. 0. 35
32 4. 19.20 6 0. 8. 53 0. 12. 20 1. 1.3Ο 0. 1.17 1.32.36 0. 0. 40
36 -4, 51. 45 6 0.10. 0 0. 13. 53 1. 9.11 0. 1.27 1.44. 11 Ο. 0. 45
14· 0. 5. 24.10 7 0 0.11. 7 0. 0.15.25 0? 1.16.52 0. 1.36 Ο. 1.55.45 0. 0. 50
ι44 5. 56. 35 8 0. 12. 13 0 16. 58 1.24. 33 0. 1.46 2. 7. 20 0. 0.55
48 6. 29. 0 8 0. 13· 20 0.18. 31 1. 32. 14 0· 1. 55 2. 18. 54 0. 1. 0
,52 7. 1 24 9 0. 14. 27 0. 20 4 1. 39 56 0· 2. 5 2. 30. 29 0. 1. 5
Ιι56 7. 33. 49 9 0.15 33 0. 21· 36 1.47.37 0. 2. 15 2.42. 4 0. 1.10
,60 O. 8. 6. 14 10 0. 16. 40 0. 0. 23 9 0. 1· 55. 18 0. 2. 24 Ο. 2. 53. 38 0. 1. 15
164 8. 38. 39 11 0. 17 47 O. 24. 41 2. 2. 59 0. 2·34 3. 5. 13 0. 1. 20
168 9. 11. 14 11 0. 18 53 0.26. 14 2. 10. 40 0. 2. 44 3. 16. 47 0. 1.25
7 9. 43. 29 12 Ο. 20· 0 0. 27· 46 2· 18. 22 0· 2. 53 3. 28. 21 0. 1.30
76 ι 10. 15.ο4 13 0 21· 7 0. 29 19 2.26. 3 0· 3. 3 3· 39. 56 0. 1.35
¹80 Ο. 10. 48.19 13 0. 22. 13 Ο. 0. 30 51 0. 2· 33· 44 0· 3. 12 Ο. 3.51. 30 0. 1.40
ι84 11.’20. 44 14 0. 23 20 0. 32· 24 2·41. 25 0· 3· 22 , 4. 3. 5 0. 1.45
588 11. 53. 9 15 0. 24· 27 0. 33. 56 2. 49. 6 0· 3· 32 4· 14., 39 0. 1.50
»⁹2 12. 25. 34 15 0. 25 33 0. 35· 29 2. 56· 47 0· 3· 41 4· 26· 14 0. 1. 55
5⁹6 12. 57. 59 16 0. 26· 40 0. 37· 1 3. 4· 28 0· 3-51 4. 37-48 0. 2. 0
Ιιι O. 13. 30. 24 17 0. 27 47 O. 0. 38· 34 0, 3. 12· 9 0· 4· 1 Ο. 4· 49· 23 0. 2. 5
ιι 0. 27. 0. 48 34 0 55· 33 1.17. 7 6. 24· 17 0· 8· 2' 9· 38· 47 0. 4.10
ιι 1. 10. 31. 12 51 1. 23· 20 1. 55 41 9. 36. 26 0. 12· 4 Ο.14·28· 10 0. 6. 14
ιι 1. 24. 1.36 1. 9 1. 51· 7 2. 34· 14 12. 48· 34 0. 16· 5 0.19· 17· 33 0. 8-18
ιι 2. 7· 32. 0 1. 26 2 18 53 3. 12· 47 16. 0· 43 0.20· 6 Ο.24. 6· 57 O. 10. 24
ιι 2. 21· 2.24 1. 43 2. 46· 40 3. 51· 21 19. 12· 52 0. 24· 8 Ο.28· 56· 20 0. 12. 29
ι100 3· 4· 32.Λὸ 2. 0 3. 14· 27 4. 29· 55 22. 25· 0 0. 28· 9 1. 3· 45·43 0. 14.33
100 3. 18· 3.12 ’2. 17 3. 42 13 5. 8· 28 25. 37· 9 0. 32· 10 1. 8-35· 7 0. 16. 38
³00 4- 1· 33. 36 2. 34 4.10· 0 5. 47· 2 0.28. 49· 17 Ο. 36· 12 1.13- 24· 30 0. 18. 43
300 4. 15. 4. 0 2. 51 Ο. 4. 37 47 0. 6 25· 36 1. 2. 126 0. 40· 13 1.18. 13· 53 0. 20. 48
Ὶ·ι’ 9. 0. 8. 0 5. 42 9. 15· 34 12. 51· 12 2. 4. 2· 52 1.20· 26 3. 6.27· 46 0. 41. 36
ει 1. 15. 12. 0 8. 33 13. 53 21 19. 16 48 3. 6. 4· 18 2. 0. 39 4.24.41·39 1. 2. 24
ει 6. 0.’16. 0 11. 24 18. 31· 8 0. 25. 42. 24 4. 8. 5·44 2. 40. 52 6.12.55· 32 1.23. 12
ιι 10. 15. 20. 0 14. 15 23. 8· 55 1. 2. 8 0 5.10. 7· 10 3. 21. 5 8. 1. ⁴ 9· 25 1.44. 0
ιι 3. 0. 24. 0 17. 6 0. 27. 46· 42 1. 8. 33· 36 6.12. 8· 36 4. 1.18 9.19. 23· 18 2. 4. 48
Η 7· 15· 28. 0119 57 1. 2. 24· 29 1. 14. 59· 12 7.14.10· 2 4. 41. 31 11. 7. 37· 11 2. 25. 36
ιι 0. 0. 32. 0 2,2. 48 1. 7 2· 16 1. 21. 24· 48 8.16ι 11.28 5 21. 44 0.25.51· 4 2. 46. 24
00 4. 10 36. Ο 25. 39 1.11·40- 3 1. 27. 50· 24 9.18 12. 54 6. 1. 57 2.14. 4· 57 3· 7.12
m 9. 0· 40. 0 28. 30 1. 16. 17· 50 2. 4.16· 0 10.20. 14. 20 Ι6.42. 10 4. 2. 18· 50 s3· 28. 0
m 1. 15· 44. 0 31. 21 1. 20. 55. 37 2. 10. 41· 36 11. 22. 15. 46 ⁸7. 22. 23 5020. 32· 43 ,3. 48. 48
-ι 6 O· 48. 0 ,54, 12 1. 25. 33 24 2.17. 7 12 12.24.17. 12 ,8. 2. 36 7. 8. 46· 36 ’4. 9. 36
Ante Ch 4000 Initium Ante Ch. 4000. Ante Ch. 4000.

Sub. 3. 47. 0. Sub. 1. 57. 5.

 

