712

Tabularum Rudolphinarum

Epochac argumcnti obliquitatis et prosthaphaercscos aequinoctiorum forma

   
  

     

   

  

2661

  

 

6

 

ΟΒ

   

 

 

 

 

 

0¹ 23ο 53‘ 16¹¹.

0. add 4000 3⁸

  
   

 

 

 

  

 

    

 

1⁰ 56¹

           

     

quintuplici. . 9⁴
1 ξ 03 ἓξ 023 ἶ
1. Ex fide observationum antiquarum tota. ζ fi Ξ. 2 Ξ g Ξ 33· ἓ ἒ ἓ· ¹:
Ξ· ω’* ἵει-1 ''gg-⁴ 3⁰.-'3 »ἶ
Anno μ, 00 3OE 8 ,ἓξὲξ Ξὲῃ {33⁰4 {a} {ss
η 20· ‚canl Β gn -o Ξΐκο ⁸25·- ἢ
ἓ.. ἓ 3⁰³- ,ξς-Ξ ἐ
nun· , τ

Β Β ⁸ -ω Ο,
· “ x.
1

28 21ο 52”11ε290 45‘ 8⁸ 29⁰ 23. ’-

 

 

      

       
            
     

  
 
    
   
   

2587 80 0.10 53. 5 ’ 5⁴ 16¹¹ 3000 3 8. 34 2. 28. 18 1. 1. 47 1017. 42 .-

2513 154 0. 20 52. 31 10. 28 2000 3.11. 12 3. 4. 43 2. 3. 48 0. 5. 56 2·

2439 228 1. 0 51. 37 1518 1000 315. 50 3.11. 9 3, 5. 50 1. 24. 10 ς..

2365 302 1.1o 50. 23 19. 43 900 3. 16. 17 311. 48 3. 9. 2 1. 28. 59 ,

2291 376 1. 20 48. 52, 23. 30 800 318. 45 3. 12. 26 312. 14 2. 3. 48 .

2217 450 2. 0 47. 6 26. 33 700 3.17. 13 313. 5 315. 26 2. 8. 38

2143 524 2. 10 45. 10 28. 54 ζ600 317. 41 313. 43 318. 38 213 27

2069 598 2. 20 43. 4 30. 22 3500 318. 9 314. 22 3. 21. 50 2.18. 17 ¹.
1995 672 3. 0 23. 40. 55 30. 31 0400 318. 36 315. 0 3. 25. 13 223. 6

1921 746 3.10 38 46 30. 27 Ξ300 319. 4 315. 39 3. 28. 15 2. 27. 56

1847 820 3. 20 36. 39 29. 4 3200 319. 32 3.16. 8 4. 1. 27 3. 2. 45 ¹

1773 894 4. 0 34. 42 26. 47 ἕιοο 320. 0 318. 56 4. 4. 39 3. 7. 34

1699 968 4. 10 3255 2343 christi 3. 20. 27 317. 35 4. 7. 51 312. 24

18251042 4 20 31. 23 19. 58 ’ξ100 320. 55 318. 13 4.11. 3 3 17. 13 ’,
1551 1116 5. 0 30. 9 15. 32 3200 321. 23 318. 52, 4.14.15 322. 3

1477 1190 5. 10 29. 13 10. 40 0300 321. 51 319. 30 4.17. 28 3. 28. 52
1403 1264 5. 20 2330 5. 21 Ξ400 3. 22. 19 320. 9 4ι20. 40 4. 1. 41
3993. 1329 1338 6. 0 23. 28. 28 0. sub {²5⁰⁰ 322. 46 320. 47 4. 23. 52 4. 6. 31
39191255 1412 610 28. 39 5 21 Ξ600 3. 23. 14 321. 26 4. 27. 4 4.11. 20
38451181 1486 6. 20 29. 13 10. 40 700 3. 23. 42 322. 5 5. 0.16 416. 9
3771. 1107 1560 7. 0 30. 9 15. 32 800 3. 24. 10 322. 43 5. 3. 28 4. 20. 59
3697. 1033 1634 7. 10 31. 23 19. 58 900 324. 37 323. 22 5. 6. 40 4. 25. 48
. 3623. 959 1708 7. 20 32. 55 2343 1000 325. 5 324. 0 5. 9. 53 5. 0. 38

3549. 885 1782 8. 0 34. 42 2347 1100 3. 25. 33 324. 39 5.13. 5 5. 5. 27 »
3475. 811 1856 810 36. 39 29. 4 1200 328. 1 3. 25. 17 5.16. 17 5.10. 16
. 3401. 737 1930 8. 20 38. 46 30. 27 1300 3. 26. 29 325. 58 5.19. 29 5.15. 8
3327. 883 2004 9. 0 2340· 55 30. 31 1400 3. 26. 58 3. 26. 35 5. 22. 41 5.19. 55
3253. 589 2078 910 43. 4 30. 22 1500 3. 27. 24 327. 13 5-25. 53 5. 24. 45
3179. 515 2152 9. 20 45. 10 28. 54 1600327. 52 327. 52 5. 29. 8 329. 34

         
    

3105. 441 2226 10. 0 47· 6 26. 3‘3 1700 3. 28. 20 3· 28. 30 6· 2. 18 6. 4. 23
3031. 367 2300 10. 10 48- 52 23. 30 1800 3. 28. 47 3· 29. 9 6· 5· 30 6· 9. 13
2957. 293 2374 10. 20 50. 23 19. 43 1900 3. 29. 15 3· 29. 47 6· 8. 42 6- 14. 2 ”
2883. 219 2448 11. 0 51· 37 15. 18 2000 3. 29. 43 4· 0. 26 6· 11· 54 6. 18. 51
2809. 145 252211. 10 52- 31 10. 28 2100 4 0, 11 4 1 4 6 15 6 6. 23. 41

     

 

-ἡ, ,ἡ--.-*----

2735. 71 259611. 20 53. 5 516 ,
267012· 0 23- 53· 16 0· 0 circem 1. 47. 40 1 47. 40 0. 47. 10 0. 23. 35

Ante ch. 4000 5⁸ 28⁰ 58‘ 40¹¹
Christi Epocha 11. 29. 14. 40

      
 

       

  

    

}Accurate. Obliq 2417. 40 2417. 40 24 17. 40 2354. 5

Anno ante Chri· stum 3993. 24. 311111-

Argum] 3⁸ 1⁰ 58¹ 1⁸ 21ο 55’ 0⁸ 0⁰ 0⁴ 8⁸ 29ο 48
Obliq.praecise me· obliquitas obliquitas Obliquitas
diazquacsuperflcietn minor 1118- ωακίξηῑι 11181118. prac

 

 

 

 

   

 

 

 

 

   

Semidiameter 811-88111 fit 0⁰ 12‘ 24⁴¹
Obliquitas media 23 40 55⁴¹

    
    

 

      

Anno ante Christum 3993. die 24. Julii
Argumentum sig. 6. 0⁰ 0¹ 0¹⁴.
obliquitas minima praecise.

     

dem occupent, quan· Α
um tres intemp. Ubi 111. sie dividet =

inima ponitur 22. πίοι-,111118
ὅθ’,εθᾶοοίωα circuli. dia dividit

      

  
   

0

  

